
==================== PE(0,0) ====================
--- Device PE Grid Data ---
[[0. 0. 0. 0. 0. 0. 0. 0.]
 [0. 1. 1. 1. 1. 1. 1. 2.]
 [0. 1. 1. 1. 1. 1. 1. 2.]
 [0. 1. 1. 1. 1. 1. 1. 2.]
 [0. 1. 1. 1. 1. 1. 1. 2.]
 [0. 1. 1. 1. 1. 1. 1. 2.]
 [0. 1. 1. 1. 1. 1. 1. 2.]
 [0. 5. 5. 5. 5. 5. 5. 6.]]
-------------------------

==================== PE(0,1) ====================
--- Device PE Grid Data ---
[[ 0.  1.  1.  1.  1.  1.  1.  2.]
 [ 0.  5.  5.  5.  5.  5.  5.  6.]
 [ 0.  5.  5.  5.  5.  5.  5.  6.]
 [ 0.  5.  5.  5.  5.  5.  5.  6.]
 [ 0.  5.  5.  5.  5.  5.  5.  6.]
 [ 0.  5.  5.  5.  5.  5.  5.  6.]
 [ 0.  5.  5.  5.  5.  5.  5.  6.]
 [ 0.  9.  9.  9.  9.  9.  9. 10.]]
-------------------------

==================== PE(0,2) ====================
--- Device PE Grid Data ---
[[ 0.  5.  5.  5.  5.  5.  5.  6.]
 [ 0.  9.  9.  9.  9.  9.  9. 10.]
 [ 0.  9.  9.  9.  9.  9.  9. 10.]
 [ 0.  9.  9.  9.  9.  9.  9. 10.]
 [ 0.  9.  9.  9.  9.  9.  9. 10.]
 [ 0.  9.  9.  9.  9.  9.  9. 10.]
 [ 0.  9.  9.  9.  9.  9.  9. 10.]
 [ 0. 13. 13. 13. 13. 13. 13. 14.]]
-------------------------

==================== PE(0,3) ====================
--- Device PE Grid Data ---
[[ 0.  9.  9.  9.  9.  9.  9. 10.]
 [ 0. 13. 13. 13. 13. 13. 13. 14.]
 [ 0. 13. 13. 13. 13. 13. 13. 14.]
 [ 0. 13. 13. 13. 13. 13. 13. 14.]
 [ 0. 13. 13. 13. 13. 13. 13. 14.]
 [ 0. 13. 13. 13. 13. 13. 13. 14.]
 [ 0. 13. 13. 13. 13. 13. 13. 14.]
 [ 0.  0.  0.  0.  0.  0.  0.  0.]]
-------------------------

==================== PE(1,0) ====================
--- Device PE Grid Data ---
[[0. 0. 0. 0. 0. 0. 0. 0.]
 [1. 2. 2. 2. 2. 2. 2. 3.]
 [1. 2. 2. 2. 2. 2. 2. 3.]
 [1. 2. 2. 2. 2. 2. 2. 3.]
 [1. 2. 2. 2. 2. 2. 2. 3.]
 [1. 2. 2. 2. 2. 2. 2. 3.]
 [1. 2. 2. 2. 2. 2. 2. 3.]
 [5. 6. 6. 6. 6. 6. 6. 7.]]
-------------------------

==================== PE(1,1) ====================
--- Device PE Grid Data ---
[[ 1.  2.  2.  2.  2.  2.  2.  3.]
 [ 5.  6.  6.  6.  6.  6.  6.  7.]
 [ 5.  6.  6.  6.  6.  6.  6.  7.]
 [ 5.  6.  6.  6.  6.  6.  6.  7.]
 [ 5.  6.  6.  6.  6.  6.  6.  7.]
 [ 5.  6.  6.  6.  6.  6.  6.  7.]
 [ 5.  6.  6.  6.  6.  6.  6.  7.]
 [ 9. 10. 10. 10. 10. 10. 10. 11.]]
-------------------------

==================== PE(1,2) ====================
--- Device PE Grid Data ---
[[ 5.  6.  6.  6.  6.  6.  6.  7.]
 [ 9. 10. 10. 10. 10. 10. 10. 11.]
 [ 9. 10. 10. 10. 10. 10. 10. 11.]
 [ 9. 10. 10. 10. 10. 10. 10. 11.]
 [ 9. 10. 10. 10. 10. 10. 10. 11.]
 [ 9. 10. 10. 10. 10. 10. 10. 11.]
 [ 9. 10. 10. 10. 10. 10. 10. 11.]
 [13. 14. 14. 14. 14. 14. 14. 15.]]
-------------------------

==================== PE(1,3) ====================
--- Device PE Grid Data ---
[[ 9. 10. 10. 10. 10. 10. 10. 11.]
 [13. 14. 14. 14. 14. 14. 14. 15.]
 [13. 14. 14. 14. 14. 14. 14. 15.]
 [13. 14. 14. 14. 14. 14. 14. 15.]
 [13. 14. 14. 14. 14. 14. 14. 15.]
 [13. 14. 14. 14. 14. 14. 14. 15.]
 [13. 14. 14. 14. 14. 14. 14. 15.]
 [ 0.  0.  0.  0.  0.  0.  0.  0.]]
-------------------------

==================== PE(2,0) ====================
--- Device PE Grid Data ---
[[0. 0. 0. 0. 0. 0. 0. 0.]
 [2. 3. 3. 3. 3. 3. 3. 4.]
 [2. 3. 3. 3. 3. 3. 3. 4.]
 [2. 3. 3. 3. 3. 3. 3. 4.]
 [2. 3. 3. 3. 3. 3. 3. 4.]
 [2. 3. 3. 3. 3. 3. 3. 4.]
 [2. 3. 3. 3. 3. 3. 3. 4.]
 [6. 7. 7. 7. 7. 7. 7. 8.]]
-------------------------

==================== PE(2,1) ====================
--- Device PE Grid Data ---
[[ 2.  3.  3.  3.  3.  3.  3.  4.]
 [ 6.  7.  7.  7.  7.  7.  7.  8.]
 [ 6.  7.  7.  7.  7.  7.  7.  8.]
 [ 6.  7.  7.  7.  7.  7.  7.  8.]
 [ 6.  7.  7.  7.  7.  7.  7.  8.]
 [ 6.  7.  7.  7.  7.  7.  7.  8.]
 [ 6.  7.  7.  7.  7.  7.  7.  8.]
 [10. 11. 11. 11. 11. 11. 11. 12.]]
-------------------------

==================== PE(2,2) ====================
--- Device PE Grid Data ---
[[ 6.  7.  7.  7.  7.  7.  7.  8.]
 [10. 11. 11. 11. 11. 11. 11. 12.]
 [10. 11. 11. 11. 11. 11. 11. 12.]
 [10. 11. 11. 11. 11. 11. 11. 12.]
 [10. 11. 11. 11. 11. 11. 11. 12.]
 [10. 11. 11. 11. 11. 11. 11. 12.]
 [10. 11. 11. 11. 11. 11. 11. 12.]
 [14. 15. 15. 15. 15. 15. 15. 16.]]
-------------------------

==================== PE(2,3) ====================
--- Device PE Grid Data ---
[[10. 11. 11. 11. 11. 11. 11. 12.]
 [14. 15. 15. 15. 15. 15. 15. 16.]
 [14. 15. 15. 15. 15. 15. 15. 16.]
 [14. 15. 15. 15. 15. 15. 15. 16.]
 [14. 15. 15. 15. 15. 15. 15. 16.]
 [14. 15. 15. 15. 15. 15. 15. 16.]
 [14. 15. 15. 15. 15. 15. 15. 16.]
 [ 0.  0.  0.  0.  0.  0.  0.  0.]]
-------------------------

==================== PE(3,0) ====================
--- Device PE Grid Data ---
[[0. 0. 0. 0. 0. 0. 0. 0.]
 [3. 4. 4. 4. 4. 4. 4. 0.]
 [3. 4. 4. 4. 4. 4. 4. 0.]
 [3. 4. 4. 4. 4. 4. 4. 0.]
 [3. 4. 4. 4. 4. 4. 4. 0.]
 [3. 4. 4. 4. 4. 4. 4. 0.]
 [3. 4. 4. 4. 4. 4. 4. 0.]
 [7. 8. 8. 8. 8. 8. 8. 0.]]
-------------------------

==================== PE(3,1) ====================
--- Device PE Grid Data ---
[[ 3.  4.  4.  4.  4.  4.  4.  0.]
 [ 7.  8.  8.  8.  8.  8.  8.  0.]
 [ 7.  8.  8.  8.  8.  8.  8.  0.]
 [ 7.  8.  8.  8.  8.  8.  8.  0.]
 [ 7.  8.  8.  8.  8.  8.  8.  0.]
 [ 7.  8.  8.  8.  8.  8.  8.  0.]
 [ 7.  8.  8.  8.  8.  8.  8.  0.]
 [11. 12. 12. 12. 12. 12. 12.  0.]]
-------------------------

==================== PE(3,2) ====================
--- Device PE Grid Data ---
[[ 7.  8.  8.  8.  8.  8.  8.  0.]
 [11. 12. 12. 12. 12. 12. 12.  0.]
 [11. 12. 12. 12. 12. 12. 12.  0.]
 [11. 12. 12. 12. 12. 12. 12.  0.]
 [11. 12. 12. 12. 12. 12. 12.  0.]
 [11. 12. 12. 12. 12. 12. 12.  0.]
 [11. 12. 12. 12. 12. 12. 12.  0.]
 [15. 16. 16. 16. 16. 16. 16.  0.]]
-------------------------

==================== PE(3,3) ====================
--- Device PE Grid Data ---
[[11. 12. 12. 12. 12. 12. 12.  0.]
 [15. 16. 16. 16. 16. 16. 16.  0.]
 [15. 16. 16. 16. 16. 16. 16.  0.]
 [15. 16. 16. 16. 16. 16. 16.  0.]
 [15. 16. 16. 16. 16. 16. 16.  0.]
 [15. 16. 16. 16. 16. 16. 16.  0.]
 [15. 16. 16. 16. 16. 16. 16.  0.]
 [ 0.  0.  0.  0.  0.  0.  0.  0.]]
-------------------------
